theta_r = pi / 6

txx: 464.3955543960244
tyy: 8629.016239175948
txy: -397.4496827632884

theta_r = pi/2

txx: 585.7427703820795
tyy: 7541.160527136914
txy: -946.9878309886756